p_regionTMSID
109696834013201969142528
212299498967880112552079
145557537553804145623571
212299498967880112552079
204738940873122840662786
212299498967880112552079
113153058535415843908824
212299498967880112552079
89767524404752770339728
212299498967880112552079
93624664679724154038660
212299498967880112552079
70376080193144851787510
212299498967880112552079
212299498967880112552079
22436761030313424925532
212299498967880112552079
25161013621264431463697
212299498967880112552079
174875448056734018133812
212299498967880112552079
182110667933246376064052
212299498967880112552079
188849000579488206652662
212299498967880112552079
205101142445494286415257
212299498967880112552079
212299498967880112552079
212299498967880112552079
213488452110407363121712
212299498967880112552079
11361181156214012547139914901114247101414102
212299498967880112552079
40166358557719563429345
212299498967880112552079
122600357079152174829672
212299498967880112552079
145969036451726883647975
212299498967880112552079
168159114597742561248013
212299498967880112552079
34042099798147270528590
212299498967880112552079
83100584240469618994537
212299498967880112552079
