p_countryCode
114130895423565346075508
162089707212699946554652
95035214283477545966627
162089707212699946554652
189374230110721325389245
162089707212699946554652
155132396055164141243153
162089707212699946554652
22852534503512374480879
162089707212699946554652
10157002192293501343029
162089707212699946554652
202302796877359054253296
162089707212699946554652
174830160350634459603258
162089707212699946554652
18398822416634067153956
162089707212699946554652
70679159253455255018841
162089707212699946554652
151552839474386748116852
162089707212699946554652
151752839617725976622874
162089707212699946554652
23265242667491840519325
162089707212699946554652
9369664549978222571639
162089707212699946554652
211344084465274349986446
162089707212699946554652
133894791367699904098594
162089707212699946554652
162089707212699946554652
3244265458796023866344
162089707212699946554652
208474281043953564434376
162089707212699946554652
138006470606184648281649
162089707212699946554652
156453662985778051924293
162089707212699946554652
206961342585209155327010
162089707212699946554652
119569767304193585846618
162089707212699946554652
148103609249468132262409
162089707212699946554652
186939784417015290154881
162089707212699946554652
57703347906176927527353
162089707212699946554652
1707346174769429659512
162089707212699946554652
106888266654074010509788
162089707212699946554652
190105660680331711683721
162089707212699946554652
87665806821066933959705
197875853201045247341943
162089707212699946554652
54161381742780523458579
162089707212699946554652
6984892597308500812593
162089707212699946554652
100504070893673832726657
162089707212699946554652
191974759666538893148494
162089707212699946554652
13527300554181320311347
162089707212699946554652
11965596160157571125557
162089707212699946554652
52351307370956519273512
162089707212699946554652
180033235561416215682725
162089707212699946554652
156299074890838253702778
162089707212699946554652
162089707212699946554652
84951202683068545035294
162089707212699946554652
68385725843579960259475
162089707212699946554652
124207546664869136376565
162089707212699946554652
174302957841610538528932
162089707212699946554652
124356792790378239627243
162089707212699946554652
101608061482234184992377
162089707212699946554652
7527781699507072404543
162089707212699946554652
35876630676149967743523
162089707212699946554652
139466552861959852291813
162089707212699946554652
143151748630209407694564
162089707212699946554652
150601693527438717357396
162089707212699946554652
162089707212699946554652
59030574318086761710668
162089707212699946554652
112356337281015746061934
162089707212699946554652
61601453549061586600064
162089707212699946554652
166927756892773455786982
162089707212699946554652
150215001014871989285942
162089707212699946554652
103305555290176802422353
162089707212699946554652
125630411275946264773386
162089707212699946554652
162089707212699946554652
162089707212699946554652
207728829511036531320136
162089707212699946554652
176295638885983799459623
162089707212699946554652
53999646100158872948701
162089707212699946554652
16777495185917568727983
162089707212699946554652
175275806743866418925406
162089707212699946554652
137916068156969096891810
162089707212699946554652
184101831816714283926703
162089707212699946554652
145969036451726883647975
162089707212699946554652
148801084903342839895847
162089707212699946554652
